2458028.070153641980141    0.992563892569181    0.002000000000000    Telescope
2458027.905204676091671    0.989948568229781    0.002000000000000    Telescope
2458027.914029222447425    0.989499963693217    0.002000000000000    Telescope
2458027.979305466637015    0.989418353702647    0.002000000000000    Telescope
2458027.886428383179009    0.993298111765289    0.002000000000000    Telescope
2458027.963652657344937    0.986147639559598    0.002000000000000    Telescope
2458027.809432951733470    0.999688213051434    0.002000000000000    Telescope
2458027.887736865319312    0.995175863178347    0.002000000000000    Telescope
2458027.855507126543671    0.999432097791356    0.002000000000000    Telescope
2458028.072447434533387    0.990250989870792    0.002000000000000    Telescope
2458028.037758495658636    0.988203873494574    0.002000000000000    Telescope
2458027.842883383855224    1.001974808763753    0.002000000000000    Telescope
2458027.814242086838931    1.002697476085591    0.002000000000000    Telescope
2458028.001097007188946    0.990219814248481    0.002000000000000    Telescope
2458028.009658469818532    0.988903523254891    0.002000000000000    Telescope
2458028.081097338348627    0.989340115724783    0.002000000000000    Telescope
2458027.993277277331799    0.986763243468185    0.002000000000000    Telescope
2458028.080067293252796    0.991046867556475    0.002000000000000    Telescope
2458027.876706933602691    0.995249175666204    0.002000000000000    Telescope
2458027.872487173415720    0.995626981237612    0.002000000000000    Telescope
2458027.987011103425175    0.989326828892275    0.002000000000000    Telescope
2458027.829722333233804    0.999134491828345    0.002000000000000    Telescope
2458027.929537377785891    0.988860736268496    0.002000000000000    Telescope
2458027.913273168262094    0.991886366048310    0.002000000000000    Telescope
2458028.079648912884295    0.987616238752673    0.002000000000000    Telescope
2458027.944734047632664    0.988838157548117    0.002000000000000    Telescope
2458027.972572410479188    0.991321017048568    0.002000000000000    Telescope
2458027.953341809567064    0.988933024442145    0.002000000000000    Telescope
2458027.964476717170328    0.989644312800962    0.002000000000000    Telescope
2458027.900398388039321    0.988956697112774    0.002000000000000    Telescope
2458027.892477494198829    0.987171825856405    0.002000000000000    Telescope
2458027.858730725944042    1.000617266999031    0.002000000000000    Telescope
2458027.827988320495933    0.999002227153394    0.002000000000000    Telescope
2458027.934716125950217    0.989947171497990    0.002000000000000    Telescope
2458028.016200022306293    0.986284739469391    0.002000000000000    Telescope
2458028.062671251129359    0.990744579969764    0.002000000000000    Telescope
2458027.935361029114574    0.987029089835134    0.002000000000000    Telescope
2458028.097008179407567    0.994461209752674    0.002000000000000    Telescope
2458028.032535654492676    0.986445350462229    0.002000000000000    Telescope
2458027.875643587205559    1.000445189275631    0.002000000000000    Telescope
2458027.838751203380525    1.002265582514300    0.002000000000000    Telescope
2458027.966148785315454    0.988914045185980    0.002000000000000    Telescope
2458027.851390313357115    0.998815337655172    0.002000000000000    Telescope
2458027.872993795201182    0.998546254522004    0.002000000000000    Telescope
2458027.901724166236818    0.991616080997382    0.002000000000000    Telescope
2458027.849304100032896    1.000141855546683    0.002000000000000    Telescope
2458028.006613720674068    0.984220976949190    0.002000000000000    Telescope
2458027.836486967746168    1.000044498709599    0.002000000000000    Telescope
2458028.092586034908891    0.989362996135918    0.002000000000000    Telescope
2458028.063970449846238    0.989520699627241    0.002000000000000    Telescope
2458027.834960374049842    1.002794243959172    0.002000000000000    Telescope
2458027.870304618030787    1.003506085551447    0.002000000000000    Telescope
2458028.090697195846587    0.989458564837449    0.002000000000000    Telescope
2458028.038516732864082    0.990042823307524    0.002000000000000    Telescope
2458027.975074475165457    0.989344289194069    0.002000000000000    Telescope
2458028.005311648827046    0.989658248157607    0.002000000000000    Telescope
2458028.020693057216704    0.986932222131867    0.002000000000000    Telescope
2458028.063415667973459    0.989401860220555    0.002000000000000    Telescope
2458027.849742724560201    0.996395509691785    0.002000000000000    Telescope
2458028.092339142691344    0.985741847999335    0.002000000000000    Telescope
2458027.919789606239647    0.990322900690136    0.002000000000000    Telescope
2458028.022404992952943    0.989812329371321    0.002000000000000    Telescope
2458027.911848373245448    0.991176805232194    0.002000000000000    Telescope
2458028.025925118941814    0.986549552332057    0.002000000000000    Telescope
2458028.044048007577658    0.989235597047465    0.002000000000000    Telescope
2458028.068804938811809    0.989171033556124    0.002000000000000    Telescope
2458027.808487834874541    1.002868468639486    0.002000000000000    Telescope
2458027.944919065572321    0.986868772333447    0.002000000000000    Telescope
2458027.830796407535672    0.999966498768255    0.002000000000000    Telescope
2458027.808918615337461    0.998964470242514    0.002000000000000    Telescope
2458028.051964486483485    0.989125232396288    0.002000000000000    Telescope
2458027.945707311853766    0.989411140674112    0.002000000000000    Telescope
2458027.852380288299173    0.999287062155008    0.002000000000000    Telescope
2458027.804610838647932    1.000325921917864    0.002000000000000    Telescope
2458028.019469678401947    0.989015278988501    0.002000000000000    Telescope
2458027.943453301675618    0.987775041535548    0.002000000000000    Telescope
2458027.966788284014910    0.990077273677779    0.002000000000000    Telescope
2458027.885682239662856    0.992875443664946    0.002000000000000    Telescope
2458027.865364457014948    1.000468929823186    0.002000000000000    Telescope
2458027.883778602816164    0.996034296796527    0.002000000000000    Telescope
2458028.042800262104720    0.991213528575861    0.002000000000000    Telescope
2458027.881886130664498    0.994912015374920    0.002000000000000    Telescope
2458027.879426667001098    0.995954378076338    0.002000000000000    Telescope
2458027.867730821017176    0.999461819324308    0.002000000000000    Telescope
2458028.074972568545491    0.984857190539380    0.002000000000000    Telescope
2458027.813431774266064    0.996488818393219    0.002000000000000    Telescope
2458028.083824733737856    0.992191451146412    0.002000000000000    Telescope
2458027.904144939966500    0.992350380848037    0.002000000000000    Telescope
2458027.830599357374012    1.002786769160704    0.002000000000000    Telescope
2458028.077654868364334    0.989065238310920    0.002000000000000    Telescope
2458027.909068711567670    0.990779612837026    0.002000000000000    Telescope
2458027.847518593538553    1.001815681961001    0.002000000000000    Telescope
2458028.065290303900838    0.987150356318739    0.002000000000000    Telescope
2458028.078372000716627    0.990624922585101    0.002000000000000    Telescope
2458028.075200179126114    0.988348409815734    0.002000000000000    Telescope
2458027.850647490937263    1.002947321684870    0.002000000000000    Telescope
2458028.020780538674444    0.991563721849250    0.002000000000000    Telescope
2458027.918246078304946    0.992151123213778    0.002000000000000    Telescope
2458027.875204532407224    1.000758129217002    0.002000000000000    Telescope
2458027.921104476321489    0.991265126486924    0.002000000000000    Telescope
2458028.000306914094836    0.987166559400773    0.002000000000000    Telescope
2458027.822369069326669    0.998793491268066    0.002000000000000    Telescope
2458028.059600850567222    0.991582283643426    0.002000000000000    Telescope
2458027.983519607689232    0.985070138878999    0.002000000000000    Telescope
2458027.847873062826693    0.999753788736225    0.002000000000000    Telescope
2458027.890632880851626    0.990128132532565    0.002000000000000    Telescope
2458027.845650298520923    0.999820564152824    0.002000000000000    Telescope
2458027.987490864004940    0.990027950072104    0.002000000000000    Telescope
2458027.879017828032374    0.996090570292011    0.002000000000000    Telescope
2458027.956007640343159    0.985663702508290    0.002000000000000    Telescope
2458028.023323974106461    0.989186871380970    0.002000000000000    Telescope
2458027.901736749336123    0.987773658926149    0.002000000000000    Telescope
2458028.085140808485448    0.986826720586117    0.002000000000000    Telescope
2458027.928988412022591    0.989913619145374    0.002000000000000    Telescope
2458027.975533139426261    0.990235012086190    0.002000000000000    Telescope
2458028.035805932246149    0.989437999811713    0.002000000000000    Telescope
2458027.905514058656991    0.989945874094955    0.002000000000000    Telescope
2458028.064535078126937    0.989235063243415    0.002000000000000    Telescope
2458027.868762779049575    1.000066369691827    0.002000000000000    Telescope
2458027.960454983636737    0.988651910456165    0.002000000000000    Telescope
2458027.841614509467036    0.999043419714841    0.002000000000000    Telescope
2458028.097316729836166    0.987188040500198    0.002000000000000    Telescope
2458027.920496841426939    0.986873042118205    0.002000000000000    Telescope
2458027.884957479313016    0.992507201432956    0.002000000000000    Telescope
2458027.877006914000958    0.997878442778999    0.002000000000000    Telescope
2458027.952002739068121    0.990891996041196    0.002000000000000    Telescope
2458028.027555719483644    0.989594630412750    0.002000000000000    Telescope
2458027.962842853739858    0.991392684917504    0.002000000000000    Telescope
2458027.816649245563895    0.997086293704022    0.002000000000000    Telescope
2458028.082354672718793    0.989879219196946    0.002000000000000    Telescope
2458028.094021739438176    0.990752380469015    0.002000000000000    Telescope
2458028.099130562040955    0.991644132858960    0.002000000000000    Telescope
2458028.010169099550694    0.985450929937226    0.002000000000000    Telescope
2458027.943520009517670    0.987782270983407    0.002000000000000    Telescope
2458027.960482302121818    0.989196603149693    0.002000000000000    Telescope
2458027.973537772893906    0.987432846844603    0.002000000000000    Telescope
2458027.996567261405289    0.986649215513925    0.002000000000000    Telescope
2458028.060747213661671    0.990196855123869    0.002000000000000    Telescope
2458027.932276265230030    0.989871526094529    0.002000000000000    Telescope
2458027.946910983417183    0.991649310505074    0.002000000000000    Telescope
2458027.928310686256737    0.991292318988658    0.002000000000000    Telescope
2458027.936196374706924    0.985947581818581    0.002000000000000    Telescope
2458027.818305504973978    0.997703293679713    0.002000000000000    Telescope
2458027.862722507677972    0.997234214459358    0.002000000000000    Telescope
2458027.817522953264415    0.999937534526392    0.002000000000000    Telescope
2458027.874939958564937    0.999220285277888    0.002000000000000    Telescope
2458027.842727860901505    0.999599670406974    0.002000000000000    Telescope
2458027.932087572291493    0.990745775674832    0.002000000000000    Telescope
2458027.935156618244946    0.986323057182860    0.002000000000000    Telescope
2458027.981457644142210    0.988385079467831    0.002000000000000    Telescope
2458027.963733595330268    0.987841172369543    0.002000000000000    Telescope
2458027.929118476808071    0.989156944942949    0.002000000000000    Telescope
2458028.046123791486025    0.987492227440076    0.002000000000000    Telescope
2458027.811913557816297    0.999478802728425    0.002000000000000    Telescope
2458027.872556273825467    0.997361421045380    0.002000000000000    Telescope
2458028.051302985288203    0.994010416126486    0.002000000000000    Telescope
2458027.837050812784582    0.998274494987244    0.002000000000000    Telescope
2458027.847649824805558    1.000086528991448    0.002000000000000    Telescope
2458028.057340194936842    0.988378131904663    0.002000000000000    Telescope
2458027.906831068452448    0.990176600062830    0.002000000000000    Telescope
2458027.993551070801914    0.988870120551930    0.002000000000000    Telescope
2458027.808634507469833    0.998379408030083    0.002000000000000    Telescope
2458028.080782383214682    0.988887398432017    0.002000000000000    Telescope
2458028.011079850606620    0.989190164959548    0.002000000000000    Telescope
2458028.029329939745367    0.987894962366660    0.002000000000000    Telescope
2458027.951903047971427    0.988376400928565    0.002000000000000    Telescope
2458027.916957016102970    0.990783547446897    0.002000000000000    Telescope
2458027.912210453767329    0.992833629102822    0.002000000000000    Telescope
2458028.018963650334626    0.982964609443541    0.002000000000000    Telescope
2458027.965896529611200    0.984486174546133    0.002000000000000    Telescope
2458027.807896964251995    1.002065250669020    0.002000000000000    Telescope
2458028.028048654552549    0.990900607147296    0.002000000000000    Telescope
2458028.005378126166761    0.986994189878972    0.002000000000000    Telescope
2458027.814461513888091    1.003205602452001    0.002000000000000    Telescope
2458027.873012470547110    0.996592884034940    0.002000000000000    Telescope
2458027.976324326358736    0.988169553560583    0.002000000000000    Telescope
2458027.885456508956850    0.994575329670617    0.002000000000000    Telescope
2458028.080085065215826    0.991134767276012    0.002000000000000    Telescope
2458028.027164557948709    0.990544185904280    0.002000000000000    Telescope
2458027.800136149395257    1.005826697260903    0.002000000000000    Telescope
2458027.880355564877391    0.995491465429752    0.002000000000000    Telescope
2458028.091420452576131    0.987794275310895    0.002000000000000    Telescope
2458027.844872069545090    0.996657236228149    0.002000000000000    Telescope
2458027.979936488904059    0.987282387978442    0.002000000000000    Telescope
2458028.046688598580658    0.988096216373285    0.002000000000000    Telescope
2458027.857030494138598    1.001648376576956    0.002000000000000    Telescope
2458028.083977163769305    0.990309878089948    0.002000000000000    Telescope
2458027.825023364741355    0.997681180968905    0.002000000000000    Telescope
2458028.058468252420425    0.987385076379494    0.002000000000000    Telescope
2458027.921402539126575    0.992572369075102    0.002000000000000    Telescope
2458028.072311379481107    0.988189888558339    0.002000000000000    Telescope
2458027.872909750789404    0.997922112616466    0.002000000000000    Telescope
2458027.805145628750324    0.997849810433367    0.002000000000000    Telescope
2458028.091769897378981    0.991356374204106    0.002000000000000    Telescope
2458027.916172634810209    0.988564091923378    0.002000000000000    Telescope
2458027.852764682844281    0.998073642735191    0.002000000000000    Telescope
2458028.054848698899150    0.992885527433140    0.002000000000000    Telescope
2458028.065004143398255    0.989098580773647    0.002000000000000    Telescope
2458027.852205725386739    0.999290068691593    0.002000000000000    Telescope
2458027.903858361765742    0.991021435911153    0.002000000000000    Telescope
2458028.099358906503767    0.988938576438500    0.002000000000000    Telescope
2458027.948179065715522    0.990784359421394    0.002000000000000    Telescope
2458027.927129306830466    0.991771560639680    0.002000000000000    Telescope
2458028.099693635478616    0.991358484405090    0.002000000000000    Telescope
2458028.051582292187959    0.988451960574273    0.002000000000000    Telescope
2458027.923136208672076    0.991975665429672    0.002000000000000    Telescope
2458028.070554620120674    0.988550197800381    0.002000000000000    Telescope
2458028.015567329246551    0.991456458982526    0.002000000000000    Telescope
2458028.047710474580526    0.990564911421872    0.002000000000000    Telescope
2458027.945002900436521    0.989395127693340    0.002000000000000    Telescope
2458028.018352480139583    0.987776097812142    0.002000000000000    Telescope
2458028.082087549846619    0.992344250550729    0.002000000000000    Telescope
2458027.940574244130403    0.992085856848519    0.002000000000000    Telescope
2458027.919479896780103    0.991736024917593    0.002000000000000    Telescope
2458027.872432997450233    1.000100129775706    0.002000000000000    Telescope
2458028.030689812265337    0.992123259208498    0.002000000000000    Telescope
2458028.060307947918773    0.986732572224159    0.002000000000000    Telescope
2458027.873218553606421    0.998616259712187    0.002000000000000    Telescope
2458027.975296687334776    0.986509392750653    0.002000000000000    Telescope
2458027.993122566491365    0.989136983504999    0.002000000000000    Telescope
2458028.064317784272134    0.985231513358131    0.002000000000000    Telescope
2458028.060401380062103    0.987073593773051    0.002000000000000    Telescope
2458027.993139461614192    0.989214155574857    0.002000000000000    Telescope
2458027.863891768734902    1.000871177454423    0.002000000000000    Telescope
2458028.029082894325256    0.985141330780384    0.002000000000000    Telescope
2458028.090916696935892    0.992143262690503    0.002000000000000    Telescope
2458027.974409152753651    0.992478372949287    0.002000000000000    Telescope
2458028.079704308882356    0.987152304903198    0.002000000000000    Telescope
2458027.846260987687856    0.999366934128376    0.002000000000000    Telescope
2458027.871041757520288    1.001174883366030    0.002000000000000    Telescope
2458027.841273370664567    1.002682901639879    0.002000000000000    Telescope
2458028.040605416055769    0.990147940359235    0.002000000000000    Telescope
2458027.973195752128959    0.988607245488199    0.002000000000000    Telescope
2458027.834968518465757    1.002544767446072    0.002000000000000    Telescope
2458027.997074789367616    0.988494945010175    0.002000000000000    Telescope
2458027.806232460308820    1.003397256248861    0.002000000000000    Telescope
2458027.996256014332175    0.989674455578487    0.002000000000000    Telescope
2458027.918985690921545    0.986804535706254    0.002000000000000    Telescope
2458028.012892246246338    0.986327610344446    0.002000000000000    Telescope
2458028.010850202292204    0.990340355638897    0.002000000000000    Telescope
2458027.805142756551504    0.998099576920319    0.002000000000000    Telescope
2458028.023265695665032    0.988548343159094    0.002000000000000    Telescope
2458027.851333049591631    1.002531529304726    0.002000000000000    Telescope
2458027.947651922702789    0.987706609298293    0.002000000000000    Telescope
2458027.927352868951857    0.988269534369348    0.002000000000000    Telescope
2458028.058610222302377    0.990740036181341    0.002000000000000    Telescope
2458027.858576424885541    0.998393967406000    0.002000000000000    Telescope
2458027.851622470188886    1.000906673895413    0.002000000000000    Telescope
2458028.027296498417854    0.991324079962353    0.002000000000000    Telescope
2458027.962404110468924    0.989877715674414    0.002000000000000    Telescope
2458027.982797258999199    0.987965562156847    0.002000000000000    Telescope
2458027.969749893527478    0.988657490543754    0.002000000000000    Telescope
2458027.965839128475636    0.985683189334453    0.002000000000000    Telescope
2458028.079696220345795    0.989131584994247    0.002000000000000    Telescope
2458027.920153531245887    0.988190211930736    0.002000000000000    Telescope
2458027.989869325887412    0.985712491042760    0.002000000000000    Telescope
2458028.068200163543224    0.990967380964134    0.002000000000000    Telescope
2458027.951961818151176    0.986126376840191    0.002000000000000    Telescope
2458028.079672398045659    0.990009253765276    0.002000000000000    Telescope
2458027.979009640403092    0.992671840206958    0.002000000000000    Telescope
2458028.054404317401350    0.987682827516587    0.002000000000000    Telescope
2458028.034165014047176    0.988858780986694    0.002000000000000    Telescope
2458027.822829435579479    0.996834109765881    0.002000000000000    Telescope
2458027.895063709467649    0.994786746781263    0.002000000000000    Telescope
2458028.096796370577067    0.991536801500554    0.002000000000000    Telescope
2458027.911928304005414    0.992819236124243    0.002000000000000    Telescope
2458028.084070776589215    0.990201377837482    0.002000000000000    Telescope
2458028.032162718940526    0.983074612590177    0.002000000000000    Telescope
2458028.024950488936156    0.991258184432695    0.002000000000000    Telescope
2458027.848972627427429    0.998935213902920    0.002000000000000    Telescope
2458028.061474493704736    0.990200375374237    0.002000000000000    Telescope
2458027.903505694121122    0.991588719698236    0.002000000000000    Telescope
2458028.019361200276762    0.990925027246794    0.002000000000000    Telescope
2458027.899350332096219    0.989550143628756    0.002000000000000    Telescope
2458028.029521416407079    0.992147489379625    0.002000000000000    Telescope
2458028.082198779564351    0.988162042609500    0.002000000000000    Telescope
2458027.932900478132069    0.993911102954543    0.002000000000000    Telescope
2458027.971136477310210    0.986550098046211    0.002000000000000    Telescope
2458028.030335000716150    0.987759338722422    0.002000000000000    Telescope
2458027.944015854503959    0.990790543124240    0.002000000000000    Telescope
2458028.085307267028838    0.990041178033496    0.002000000000000    Telescope
2458027.847259931731969    0.998136638611936    0.002000000000000    Telescope
2458027.981595819815993    0.985493142514168    0.002000000000000    Telescope
2458027.963042374234647    0.987969265012253    0.002000000000000    Telescope
2458027.936728001572192    0.989122979946902    0.002000000000000    Telescope
2458027.876872798893601    0.994809817239167    0.002000000000000    Telescope
2458027.951330010779202    0.986553283730397    0.002000000000000    Telescope
2458027.886956089641899    0.993830217890283    0.002000000000000    Telescope
2458028.069021155592054    0.986229748224722    0.002000000000000    Telescope
2458027.819792369846255    0.998044857021575    0.002000000000000    Telescope
2458027.924994322471321    0.992064002131228    0.002000000000000    Telescope
2458027.943719232920557    0.986789972847742    0.002000000000000    Telescope
2458027.977102156728506    0.989616402837492    0.002000000000000    Telescope
2458027.857023208402097    0.999214790933752    0.002000000000000    Telescope
2458028.026230596005917    0.986766566138475    0.002000000000000    Telescope
2458027.991354776546359    0.989400545011131    0.002000000000000    Telescope
2458027.807295038364828    1.004195141153722    0.002000000000000    Telescope
2458027.946336701512337    0.985005369429330    0.002000000000000    Telescope
2458027.974046698305756    0.988914606657915    0.002000000000000    Telescope
2458027.894365715794265    0.992224195879349    0.002000000000000    Telescope
2458627.932359757833183    0.986842404954221    0.000800000000000    AmazingTelescope
2458628.082263601478189    0.988976211778077    0.000800000000000    AmazingTelescope
2458628.137575153727084    0.998361661252917    0.000800000000000    AmazingTelescope
2458628.116558390669525    0.995397656345025    0.000800000000000    AmazingTelescope
2458628.014183343853801    0.987346643021349    0.000800000000000    AmazingTelescope
2458628.147188964299858    1.002048427358157    0.000800000000000    AmazingTelescope
2458628.055201379116625    0.988457015311105    0.000800000000000    AmazingTelescope
2458628.102240102831274    0.992197029388357    0.000800000000000    AmazingTelescope
2458628.146278808359057    1.000305505877427    0.000800000000000    AmazingTelescope
2458628.097263485193253    0.990157284539331    0.000800000000000    AmazingTelescope
2458628.043276491109282    0.988955810507082    0.000800000000000    AmazingTelescope
2458628.091418772470206    0.990396273481170    0.000800000000000    AmazingTelescope
2458628.134749600198120    0.999702894441251    0.000800000000000    AmazingTelescope
2458627.937796602956951    0.988021970034836    0.000800000000000    AmazingTelescope
2458628.120605167932808    0.998875241893639    0.000800000000000    AmazingTelescope
2458627.951970084104687    0.989446841186423    0.000800000000000    AmazingTelescope
2458627.925987154711038    0.990269041293606    0.000800000000000    AmazingTelescope
2458627.967977277468890    0.988698586329946    0.000800000000000    AmazingTelescope
2458628.139649579767138    1.000009929855628    0.000800000000000    AmazingTelescope
2458627.964787920471281    0.987410280587324    0.000800000000000    AmazingTelescope
2458627.975367993582040    0.987385935159966    0.000800000000000    AmazingTelescope
2458628.134794846177101    0.998930632852400    0.000800000000000    AmazingTelescope
2458628.060158391948789    0.988303689183067    0.000800000000000    AmazingTelescope
2458628.075789821799845    0.988820040541532    0.000800000000000    AmazingTelescope
2458628.112142242025584    0.994610383148453    0.000800000000000    AmazingTelescope
2458627.940311200916767    0.988658754079367    0.000800000000000    AmazingTelescope
2458628.119152013678104    0.998341101029158    0.000800000000000    AmazingTelescope
2458628.081222191452980    0.989411336589484    0.000800000000000    AmazingTelescope
2458628.037845493294299    0.988363472366360    0.000800000000000    AmazingTelescope
2458628.100030366797000    0.991545593342156    0.000800000000000    AmazingTelescope
2458628.143981959205121    1.001016652155649    0.000800000000000    AmazingTelescope
2458627.995831163134426    0.988046165830274    0.000800000000000    AmazingTelescope
2458627.958899860270321    0.988046682809283    0.000800000000000    AmazingTelescope
2458628.108847567811608    0.991958725640518    0.000800000000000    AmazingTelescope
2458628.022074723150581    0.987647446589166    0.000800000000000    AmazingTelescope
2458627.900729882065207    0.990914004636153    0.000800000000000    AmazingTelescope
2458627.971058639232069    0.987621772715415    0.000800000000000    AmazingTelescope
2458627.982442196924239    0.986191019160123    0.000800000000000    AmazingTelescope
2458627.971602183766663    0.987324072819874    0.000800000000000    AmazingTelescope
2458627.966048693750054    0.988918631188618    0.000800000000000    AmazingTelescope
2458628.016557991970330    0.986663818784489    0.000800000000000    AmazingTelescope
2458628.099993069656193    0.990746822838000    0.000800000000000    AmazingTelescope
2458628.058804976753891    0.988965225850884    0.000800000000000    AmazingTelescope
2458628.089480489958078    0.990014415159015    0.000800000000000    AmazingTelescope
2458628.093524994794279    0.990038592680068    0.000800000000000    AmazingTelescope
2458627.921724944375455    0.989313301793952    0.000800000000000    AmazingTelescope
2458627.981683565769345    0.987704323681814    0.000800000000000    AmazingTelescope
2458627.974993654061109    0.987497573642232    0.000800000000000    AmazingTelescope
2458627.975503367837518    0.988252433256614    0.000800000000000    AmazingTelescope
2458627.974272735882550    0.987377394286271    0.000800000000000    AmazingTelescope
2458628.090985598973930    0.991286590795894    0.000800000000000    AmazingTelescope
2458627.911784900818020    0.988304172642769    0.000800000000000    AmazingTelescope
2458628.086613367311656    0.990285606826332    0.000800000000000    AmazingTelescope
2458627.961903419345617    0.987210280541715    0.000800000000000    AmazingTelescope
2458627.945241093169898    0.988044695207207    0.000800000000000    AmazingTelescope
2458627.965794145595282    0.986462160773627    0.000800000000000    AmazingTelescope
2458628.090389345306903    0.991563902949414    0.000800000000000    AmazingTelescope
2458627.907600091770291    0.989849179936539    0.000800000000000    AmazingTelescope
2458627.928828382398933    0.989005955267628    0.000800000000000    AmazingTelescope
2458628.081040023826063    0.989501323534769    0.000800000000000    AmazingTelescope
2458628.110520416870713    0.992373541936800    0.000800000000000    AmazingTelescope
2458628.134222596883774    0.999366627154043    0.000800000000000    AmazingTelescope
2458627.945521477609873    0.986062306195829    0.000800000000000    AmazingTelescope
2458628.135367884300649    0.998884641279442    0.000800000000000    AmazingTelescope
2458628.049419167451560    0.987611408851757    0.000800000000000    AmazingTelescope
2458627.952523001469672    0.988066749517704    0.000800000000000    AmazingTelescope
2458627.979292681440711    0.987540547946778    0.000800000000000    AmazingTelescope
2458628.041692235507071    0.987420036218197    0.000800000000000    AmazingTelescope
2458628.044574276544154    0.987511493273249    0.000800000000000    AmazingTelescope
2458627.938637556508183    0.988398213884175    0.000800000000000    AmazingTelescope
2458628.075766581576318    0.988103619376920    0.000800000000000    AmazingTelescope
2458627.995181014761329    0.987837760463014    0.000800000000000    AmazingTelescope
2458628.059011646546423    0.988237614335205    0.000800000000000    AmazingTelescope
2458628.021040058229119    0.987846955298195    0.000800000000000    AmazingTelescope
2458628.037974269594997    0.988557957077741    0.000800000000000    AmazingTelescope
2458628.120958987157792    0.997948623279715    0.000800000000000    AmazingTelescope
2458627.970784164033830    0.988754598838575    0.000800000000000    AmazingTelescope
2458628.147503347136080    1.001700540199168    0.000800000000000    AmazingTelescope
2458627.909599081613123    0.990485173557788    0.000800000000000    AmazingTelescope
2458628.047026039566845    0.990172880242910    0.000800000000000    AmazingTelescope
2458628.006293340586126    0.987972707097481    0.000800000000000    AmazingTelescope
2458628.073193384800106    0.989638212163738    0.000800000000000    AmazingTelescope
2458627.924581852741539    0.990114376018758    0.000800000000000    AmazingTelescope
2458627.926579737104475    0.988458284660259    0.000800000000000    AmazingTelescope
2458627.965697318315506    0.987439386306443    0.000800000000000    AmazingTelescope
2458628.074639292433858    0.989289843419441    0.000800000000000    AmazingTelescope
2458628.005640662740916    0.987083733806001    0.000800000000000    AmazingTelescope
2458628.003934562206268    0.987683507306235    0.000800000000000    AmazingTelescope
2458627.970252892933786    0.986908273549796    0.000800000000000    AmazingTelescope
2458628.010537572670728    0.988521613512046    0.000800000000000    AmazingTelescope
2458628.135829756502062    0.997804287600094    0.000800000000000    AmazingTelescope
2458627.990777784492821    0.987354545028093    0.000800000000000    AmazingTelescope
2458628.033968186937273    0.987482390559759    0.000800000000000    AmazingTelescope
2458628.086207597982138    0.989143016835842    0.000800000000000    AmazingTelescope
2458628.134735061787069    1.001276398263715    0.000800000000000    AmazingTelescope
2458627.960180596914142    0.987641475542572    0.000800000000000    AmazingTelescope
2458628.059827104676515    0.989330367351599    0.000800000000000    AmazingTelescope
2458628.049148232676089    0.989070159481540    0.000800000000000    AmazingTelescope
2458627.953694994561374    0.987298417761351    0.000800000000000    AmazingTelescope
2458627.912020924966782    0.989535631967335    0.000800000000000    AmazingTelescope
2458627.961178397759795    0.988421361248566    0.000800000000000    AmazingTelescope
2458627.902028097771108    0.990576297253364    0.000800000000000    AmazingTelescope
2458627.935240659862757    0.988554578508359    0.000800000000000    AmazingTelescope
2458627.941477339249104    0.987510430316835    0.000800000000000    AmazingTelescope
2458627.911599117796868    0.990671814832315    0.000800000000000    AmazingTelescope
2458627.953436827287078    0.987963043569242    0.000800000000000    AmazingTelescope
2458627.913839963264763    0.989349194631367    0.000800000000000    AmazingTelescope
2458627.923202265985310    0.989464563935945    0.000800000000000    AmazingTelescope
2458628.023437696509063    0.988096151041029    0.000800000000000    AmazingTelescope
2458627.946991167031229    0.988553129690906    0.000800000000000    AmazingTelescope
2458628.023489491082728    0.987585009674259    0.000800000000000    AmazingTelescope
2458627.941517891827971    0.990576103967251    0.000800000000000    AmazingTelescope
2458627.924054829403758    0.989251336945910    0.000800000000000    AmazingTelescope
2458627.946124133188277    0.987748066659699    0.000800000000000    AmazingTelescope
2458628.054958588909358    0.987657793994320    0.000800000000000    AmazingTelescope
2458628.123889400158077    0.999532589053862    0.000800000000000    AmazingTelescope
2458628.101409932598472    0.990422554034092    0.000800000000000    AmazingTelescope
2458628.125241416040808    0.999836413664510    0.000800000000000    AmazingTelescope
2458627.958576209843159    0.989242556296210    0.000800000000000    AmazingTelescope
2458627.949161901604384    0.987284514247081    0.000800000000000    AmazingTelescope
2458627.982289225328714    0.988009044357394    0.000800000000000    AmazingTelescope
2458627.981177318841219    0.987684332553293    0.000800000000000    AmazingTelescope
2458628.113920400384814    0.996579369895493    0.000800000000000    AmazingTelescope
2458628.110411738045514    0.994122682484126    0.000800000000000    AmazingTelescope
2458628.061450130771846    0.988108278438235    0.000800000000000    AmazingTelescope
2458627.958038629498333    0.988154140826719    0.000800000000000    AmazingTelescope
2458627.938238934613764    0.988713428388500    0.000800000000000    AmazingTelescope
2458628.052272478118539    0.987167109294512    0.000800000000000    AmazingTelescope
2458628.054163433145732    0.987935333352975    0.000800000000000    AmazingTelescope
2458628.103566272649914    0.992796037059872    0.000800000000000    AmazingTelescope
2458627.918169762939215    0.989537603571541    0.000800000000000    AmazingTelescope
2458627.902978783007711    0.990035386403648    0.000800000000000    AmazingTelescope
2458628.006213221698999    0.987778097356548    0.000800000000000    AmazingTelescope
2458627.984848890919238    0.986763955794163    0.000800000000000    AmazingTelescope
2458628.027522854041308    0.986565118515775    0.000800000000000    AmazingTelescope
2458628.105583035387099    0.991966609022616    0.000800000000000    AmazingTelescope
2458628.083351628854871    0.989935859929568    0.000800000000000    AmazingTelescope
2458628.035751009359956    0.988064370194422    0.000800000000000    AmazingTelescope
2458628.055795170366764    0.986698294218905    0.000800000000000    AmazingTelescope
2458627.967614855617285    0.988084407785456    0.000800000000000    AmazingTelescope
2458628.068148872815073    0.987921857157334    0.000800000000000    AmazingTelescope
2458627.935104314237833    0.989444952043494    0.000800000000000    AmazingTelescope
2458628.134926019236445    0.999213344511902    0.000800000000000    AmazingTelescope
2458627.929562545381486    0.988749060706951    0.000800000000000    AmazingTelescope
2458628.138263737782836    1.001006959605313    0.000800000000000    AmazingTelescope
2458628.075510973576456    0.989194340574807    0.000800000000000    AmazingTelescope
2458628.135350046679378    0.999435088568791    0.000800000000000    AmazingTelescope
2458628.038587889168411    0.987074598539333    0.000800000000000    AmazingTelescope
2458628.104238220956177    0.990150100699704    0.000800000000000    AmazingTelescope
2458628.065635076723993    0.988711919583594    0.000800000000000    AmazingTelescope
2458628.009305496700108    0.987322908279836    0.000800000000000    AmazingTelescope
2458627.945363605394959    0.988557390039053    0.000800000000000    AmazingTelescope
2458628.064157754182816    0.989389256937348    0.000800000000000    AmazingTelescope
2458627.912088625598699    0.989632161551089    0.000800000000000    AmazingTelescope
2458628.066750877071172    0.987785493491723    0.000800000000000    AmazingTelescope
2458628.023013086058199    0.987265804419545    0.000800000000000    AmazingTelescope
2458627.937907619867474    0.988169898178303    0.000800000000000    AmazingTelescope
2458628.115971271879971    0.995243007702954    0.000800000000000    AmazingTelescope
2458628.149418042507023    1.000703038803531    0.000800000000000    AmazingTelescope
2458628.059164209757000    0.987718158180882    0.000800000000000    AmazingTelescope
2458628.103663621004671    0.991513115007253    0.000800000000000    AmazingTelescope
2458628.007388451602310    0.988142686313974    0.000800000000000    AmazingTelescope
2458628.148564607370645    0.998730580981127    0.000800000000000    AmazingTelescope
2458628.039520162157714    0.987309817939267    0.000800000000000    AmazingTelescope
2458628.135684945154935    0.999402723146961    0.000800000000000    AmazingTelescope
2458628.115660523530096    0.995732039466372    0.000800000000000    AmazingTelescope
2458627.978152132127434    0.986920845704884    0.000800000000000    AmazingTelescope
2458627.926269977819175    0.988072962545060    0.000800000000000    AmazingTelescope
2458627.937165929935873    0.988206581237209    0.000800000000000    AmazingTelescope
2458628.032441956456751    0.988041822311102    0.000800000000000    AmazingTelescope
2458628.046218142844737    0.987971336747698    0.000800000000000    AmazingTelescope
2458628.037221562582999    0.988547326793060    0.000800000000000    AmazingTelescope
2458628.008457200601697    0.986991702572921    0.000800000000000    AmazingTelescope
2458628.112179382238537    0.995977585280419    0.000800000000000    AmazingTelescope
2458628.137782381381840    0.998478447766098    0.000800000000000    AmazingTelescope
2458628.097709339577705    0.990578165464412    0.000800000000000    AmazingTelescope
2458627.903674798551947    0.989247079827743    0.000800000000000    AmazingTelescope
2458627.909947780426592    0.991340739638199    0.000800000000000    AmazingTelescope
2458628.016554747708142    0.987431582415316    0.000800000000000    AmazingTelescope
2458628.128388063516468    0.998956541911120    0.000800000000000    AmazingTelescope
2458628.038921807426959    0.988359016847417    0.000800000000000    AmazingTelescope
2458628.069809621665627    0.989576269714955    0.000800000000000    AmazingTelescope
2458628.053232947364450    0.989392456495225    0.000800000000000    AmazingTelescope
2458628.072402808815241    0.988747514082378    0.000800000000000    AmazingTelescope
2458627.901387687772512    0.991279002218551    0.000800000000000    AmazingTelescope
2458627.958613623864949    0.988971515120090    0.000800000000000    AmazingTelescope
2458627.965112613514066    0.988723582020914    0.000800000000000    AmazingTelescope
2458628.120428397785872    0.998237873516595    0.000800000000000    AmazingTelescope
2458628.119561588857323    0.998514229933786    0.000800000000000    AmazingTelescope
2458627.945054481737316    0.987994053977255    0.000800000000000    AmazingTelescope
2458628.063992899376899    0.989239305882185    0.000800000000000    AmazingTelescope
2458627.903253683354706    0.991555249788479    0.000800000000000    AmazingTelescope
2458627.981115621048957    0.987580378849724    0.000800000000000    AmazingTelescope
2458627.959983027540147    0.988361928458512    0.000800000000000    AmazingTelescope
2458628.100468335207552    0.991615786335102    0.000800000000000    AmazingTelescope
2458628.043720914050937    0.988235067328920    0.000800000000000    AmazingTelescope
2458627.980985976289958    0.988186999405774    0.000800000000000    AmazingTelescope
2458628.079051539301872    0.989694489335791    0.000800000000000    AmazingTelescope
2458627.964136831928045    0.988956209958806    0.000800000000000    AmazingTelescope
2458628.076323513407260    0.989575199299551    0.000800000000000    AmazingTelescope
